290315
458234
526997
388413
477974
342108
441768
266117
572479
665943
515619
243230
471874
439855
295358
272569
311402
593585
479436
553218
765087
765075
371731
198466
640132
298654
290397
749515
402880
661410
386043
324831
702447
395494
936157
393115
375432
300852
592205
272626
710128
293653
490899
228405
360102
553190
702446
1303
555079
419947
592028
55518
553601
85963
471881
87626
189518
579137
666681
445975
707187
444447
527030
314280
269799
254945
272951
279010
359787
519442
160492
445970
411483
551115
525278
321327
198628
445983
314231
340185
360104
196627
525254
535206
445987
526218
454165
392499
198214
269084
351348
418127
264731
555088
222523
702454
525372
670487
485915
446469
279010
749507
50743
396598
629741
653045
221109
272621
426114
340322
767462
749551
29447
707183
456327
527026
910954
879309
345076
552811
941968
411489
749524
936153
278137
398527
657322
190304
502025
396597
717606
580327
182337
675806
78245
765078
572545
331271
479432
315277
552526
515635
717962
657324
518
742740
592022
290339
691336
436308
585531
632348
391619
518637
1377
439842
404589
862516
570417
322159
553594
546271
760570
243243
39152
322098
445336
600809
765108
753642
526994
399741
536232
879303
526990
243164
393595
518634
423212
137722
526970
411470
765069
350058
465516
548476
525281
693978
314275
406327
634176
658089
393121
749510
526988
552531
682148
525260
228399
608534
592010
246199
504728
585034
225849
331272
259536
515622
585202
426117
546267
596328
765113
359391
471473
553212
675519
222891
272624
374931
749532
526985
406557
458233
635013
266779
749512
596324
879310
292415
768713
513049
591020
419942
553178
334380
521003
511995
707184
535289
561180
357347
399549
718251
478007
882
584
392500
388400
228410
391587
749505
622312
553573
718255
360107
637386
419542
273057
537970
383372
266835
266264
220341
267410
479434
521095
413404
486620
190486
338187
114615
486623
83332
413997
680198
226900
644281
452662
399795
757424
675811
888048
404216
374933
585199
272622
573413
525325
502347
287752
567106
398580
573064
573060
564066
513051
465518
626522
979556
224325
566549
525909
765119
292805
754254
388919
226186
888745
103690
523850
321956
417397
314608
765093
526974
693973
936156
554290
548473
718219
645512
399599
360109
634994
585517
573234
765111
537007
637887
415426
682147
262724
402882
243275
272631
93060
370554
679189
536229
765077
887326
419665
411479
266834
243365
309798
252305
563041
866344
457393
279238
36870
435591
673519
420662
679197
331678
360105
679194
344601
592027
504474
589865
670899
471852
295319
648996
553588
888746
418136
335543
526222
340101
749528
516466
435832
289376
865938
465515
568703
444448
469613
749549
546265
197221
497965
742159
107806
322710
655225
672161
291331
588857
234621
469008
572264
875330
657313
546262
411468
550537
666714
575788
312284
522306
411684
272562
596322
247633
879302
164756
548480
323850
508767
374463
517433
409438
282458
533247
296591
375177
550747
866345
326423
272947
374833
696844
336407
500637
403833
486619
115711
796620
663954
440534
320371
585529
765117
417400
699218
272557
198094
224915
525903
608538
666684
445932
452652
658172
526225
648999
546266
451756
302409
167546
313590
316274
589861
300269
398579
698936
543728
58051
670888
498216
321967
547048
319701
290402
158878
681288
859654
665029
701347
314276
759350
545693
412420
521005
873533
633149
553590
880591
203120
639282
445337
159087
439851
386585
265311
1352
269484
395491
221360
706437
232721
517418
580331
563990
306264
453363
445973
525361
593587
483218
562970
525264
637385
710127
754027
583356
436113
569881
401473
588858
457570
670893
347834
399726
348780
427081
224911
555778
205922
749499
411461
405533
670897
207559
445985
589924
360110
509190
392423
754261
545696
381754
455434
397945
866771
360108
547468
864566
272623
156578
547043
349519
596329
399804
272633
592026
548475
585520
314315
430066
292414
683083
323098
749508
203907
913239
553184
714962
525280
313625
314282
190650
759914
504472
527024
354242
309801
869816
56426
749522
640131
702452
647653
314266
359786
768728
862517
546269
377431
518635
262768
267747
414004
471472
401053
126740
582402
663915
307502
393128
226185
749541
537013
693982
568206
634503
692420
41431
749222
391165
544875
300268
391596
243265
767463
566550
553482
643562
715225
525256
765085
365044
372461
273068
537021
573062
423368
908340
749516
455488
788929
406563
272559
546414
329726
369723
555311
412419
170187
471875
546263
634453
512769
323259
644282
192952
342615
272843
873517
60481
525376
582744
871562
411476
905067
585056
367928
59374
864570
106370
546272
596153
388396
76114
515611
278197
340186
445972
411460
565034
645463
596309
657318
765094
675515
390236
590168
553175
526976
930943
484019
544404
342613
387092
644284
645462
411469
889932
204669
765114
568704
452637
374928
326297
525271
486621
544405
888826
351607
402612
251221
216389
266265
866776
399742
434922
525368
313627
74109
340102
572265
869211
395965
521002
454164
208963
272558
907237
228400
454167
444158
431947
500639
765098
320388
864563
224914
414684
713887
360116
536227
553201
272942
749521
741091
754252
525369
699186
585198
194439
699185
316279
869729
518636
479435
749504
765104
580049
434923
632245
553577
633148
488537
431943
398577
640511
657323
314283
669261
519849
574521
380394
169963
702458
557760
59920
525337
749542
411471
742821
862965
749493
665959
525897
596151
525362
637905
293614
661367
243277
40041
320373
888825
675516
66692
491916
393131
555970
765080
471870
208964
670890
198215
568819
423211
261594
746360
889933
411465
352165
862908
866628
485914
710394
563192
314230
264203
525364
768724
798130
709986
633147
749509
675514
290399
342617
411902
481743
480224
553217
405535
478009
399739
362242
448385
326424
498741
404214
512767
525284
360095
497964
749495
355278
632518
269483
648757
59931
543539
224324
596319
314278
357244
467705
509193
890402
59919
454168
557600
498213
374930
765105
563772
525309
888057
401526
391603
77038
56780
333849
518766
663914
94624
937774
220668
391591
205921
502800
679195
545774
658664
749523
749513
186103
93062
153948
340047
543538
537457
123214
198804
471853
666510
384765
765066
526999
638302
288705
525246
749518
311403
404380
519049
340
243090
469381
749525
765420
400668
882378
155864
759363
360117
866770
525330
525245
641118
427317
679190
592313
286604
314260
553567
340184
879299
907287
661513
357544
155919
645127
394221
245014
686660
525259
526986
281309
38323
694569
416348
449673
525255
455632
709032
391593
273123
713600
940296
290318
115713
511691
340177
444178
406818
598659
931281
420246
262719
228908
672
406561
543302
360094
349101
203123
446465
512564
272634
195103
349106
675820
908612
395019
641892
713603
749502
696749
585055
573236
656024
243273
161528
350054
334390
682795
794851
585203
751585
429572
644966
548470
218491
444612
582899
311424
655815
272561
374932
452471
858215
314265
74546
706434
381764
283942
110662
235279
526978
209261
469382
431946
311458
879296
264462
574093
164757
227941
553581
520
526347
553199
223926
690566
32051
762903
526992
658187
862962
748671
349968
234826
649754
316401
525338
262722
883
655817
443144
765095
335283
445335
521006
395960
71421
406425
362663
196162
526982
350688
557722
693974
904306
525365
667127
553220
176280
242619
318586
504832
416591
422288
498737
291272
342616
419541
498742
525262
657310
269800
171101
765122
314264
469371
671143
555217
273119
553571
515608
476211
754259
520999
643867
634455
445971
412965
218496
762550
156889
565050
886882
453362
203124
189423
527012
399550
453361
395962
561229
349746
79929
441771
65393
486408
562019
398767
405534
910313
675810
331104
391597
187410
393305
361100
604354
649764
749496
879300
749520
93061
333990
498214
543734
309800
627611
336982
626418
187420
574556
634452
553177
585502
411467
453591
272568
160488
375451
411490
596312
703612
483216
525379
391904
563771
324602
573235
748727
907239
521007
864565
436717
546275
313595
505682
77037
314254
460265
563045
374675
630588
548485
702453
314256
675512
182082
315749
269796
479437
643648
195102
679897
317025
439386
412022
439847
766747
543526
864569
422289
478434
411484
548479
714961
323848
391296
159254
483214
84588
314225
526998
451516
523846
521004
679207
866768
679205
749494
743721
407976
529885
645663
936155
216592
498739
471856
319225
366602
247639
699246
550748
685038
342451
526224
401650
59374
873513
476272
405955
360910
717959
167542
426355
339860
525378
657309
324925
439481
390235
561177
572547
527000
267748
178306
500632
595499
344747
765698
555779
445984
486624
204536
69042
536019
345073
382638
138677
537006
427082
309803
525327
647113
189918
390874
221359
338963
281689
326442
243231
225937
79967
358709
525268
196164
36809
527028
355276
525329
471854
491077
211110
357348
43989
243274
396595
316057
485913
486409
262543
469008
264198
212717
765092
871571
484022
553207
563773
585397
945704
608506
749503
105559
686659
272620
434131
374847
391735
546340
167879
196164
451515
190485
767455
243272
543540
747682
365659
521008
316056
486410
426368
470137
515620
679188
765874
176279
362948
713602
765067
930945
444177
525381
585506
272632
685727
765123
637911
257311
566552
101510
386656
573370
622759
685039
390333
342610
491076
862515
121723
687916
446462
500635
425067
445986
60480
391612
525306
453364
521011
321314
511680
391008
318167
395492
583345
632335
349307
592021
634458
634459
370553
428406
596320
888833
395963
443152
749533
443143
405440
765071
279714
325240
454169
273121
864568
754260
438753
417398
633699
871237
351160
765124
386415
264201
233413
714995
321332
888827
557598
553174
370551
260799
289380
653733
373153
272568
338565
199310
749545
525257
52598
266940
314290
663952
716541
710696
585204
553565
930944
426118
749548
765107
679196
489653
446470
533240
410358
379731
670892
309799
561275
585501
483215
318161
379360
404217
639283
62977
943945
306263
765103
357809
411486
122587
521045
797209
749500
224326
765121
544406
706191
585503
658659
102608
707232
572478
722438
869215
262698
716540
485918
272564
2098
470145
795797
657314
710393
410359
388399
909946
637913
742741
445974
435590
406562
102897
470
391009
398578
404215
406556
765082
335284
216597
675814
525377
674977
585530
357804
227377
83331
596318
638300
456482
526971
419109
596323
471872
548477
591023
93059
491075
722911
391625
866778
544556
586220
470
215689
754025
316407
210007
596330
469596
688270
595494
366394
865867
697303
568708
637381
749492
573063
679202
279808
596325
491074
426430
411154
373665
393124
660596
714359
428128
237727
749219
519441
565040
481805
748224
697282
443906
634454
272831
314285
177439
487213
439292
525244
290317
391774
784613
497962
525904
527025
670904
637382
487
553583
216599
59748
553574
498740
675513
519851
316058
167539
691337
243159
378806
879298
595501
525328
165597
754093
203119
508765
394
714943
395019
314261
265669
492476
526977
138119
888051
593588
339854
595537
675807
667128
283165
579112
290512
526979
591001
45361
313628
717961
324057
762376
525898
368407
469594
1140
649189
553592
396596
522772
698737
749544
161544
257363
695560
320483
209882
547046
469593
862514
351745
478801
593590
679896
604162
292459
478749
713601
563774
450851
546273
632772
527004
391574
480119
889513
31964
290338
218494
887899
398000
373903
663278
572477
596327
485916
644283
357808
59922
451640
88274
683082
637910
205913
269801
656519
526981
565665
319795
351016
663916
626096
257309
675523
272560
491915
573061
411474
638315
744979
531844
523794
561231
759364
749511
454166
406817
663917
937773
749531
262723
395495
439843
300267
476210
288000
502346
563174
193567
527029
553204
243276
657317
864567
432331
411901
637389
696369
525373
887324
246200
406560
752555
360112
349102
718254
644042
527027
187272
637387
406558
218497
669262
411463
746361
402626
391038
515621
518603
708616
585057
655816
451754
749414
585054
309807
864564
754262
585535
536231
498211
319224
568815
469378
298653
314345
451707
908339
526973
155920
634504
456481
203122
866774
478547
376686
866346
712961
335541
765096
412694
425104
629742
290434
768066
453366
634498
456298
557724
393123
588581
392021
570508
384676
581103
314289
313603
888064
688245
205918
887325
342614
192222
314291
512768
379066
907238
405566
649743
156586
436114
255470
645464
693216
670894
883062
214092
523791
498743
314262
765101
765120
83406
521000
869269
557433
289397
314724
657308
546342
412418
196600
446466
370438
889201
749498
411464
441952
411466
888832
566546
417399
428125
373384
909420
340099
416276
342110
410291
568814
393117
150340
765079
94122
663951
259564
675816
351627
449447
344609
293826
862513
471821
70601
320389
349747
622637
411481
281310
183190
525375
879301
428126
574087
749491
483217
382245
377628
177416
596317
572544
445334
652103
1902
406559
634956
428127
360106
550540
942513
473819
483179
655811
444451
706439
525371
523796
479433
440085
345073
495036
471857
411462
360911
455227
707186
593117
213810
757425
444453
176299
391595
444450
470735
791166
568813
657319
871925
675809
411485
552536
553171
536233
595496
313594
521674
406984
160490
670905
500638
89187
478005
684950
265072
561276
470146
702443
765962
85962
440497
649760
342109
553568
663958
316278
527031
439375
693979
64471
526972
281090
290633
405441
526227
304371
880447
675517
526984
563178
264202
262728
286636
314232
765110
525366
216432
484018
557723
186497
762948
675521
314292
908337
160491
405416
163164
526991
702456
518693
384616
633145
349163
382640
683837
247156
671074
204722
272129
595495
547045
642492
330214
331869
246201
314565
526968
521097
875329
509191
344610
273075
326427
488222
583355
313606
270374
339671
553209
749547
451757
500633
391598
872331
718271
315456
290398
498761
712898
446471
254945
269798
691437
434271
188626
401614
164546
402881
657316
258594
314288
649639
393125
879297
941640
888801
405917
742820
703339
675815
2110
349124
675812
768670
507522
216591
472759
349741
497963
427318
234831
326298
269482
553219
212042
63737
349161
235909
315730
297245
476212
376619
245018
693745
762983
216595
267409
756272
243261
679926
246196
513052
416269
221988
420247
419610
306254
479431
867903
349967
351605
316055
644968
405536
314271
370552
521460
223283
665953
411459
387093
550542
195099
765091
526980
391624
240015
691338
498738
272943
546231
367737
267608
749550
701177
441770
626095
256701
765112
550773
436115
743525
547558
525263
930171
749501
264732
593589
158879
363253
765100
407148
591167
562971
299768
488223
536056
243160
331112
388401
177437
488538
396588
262489
272994
488221
243232
754258
272563
441772
641140
579405
546268
515618
693748
233412
515609
660470
450394
634456
527005
394503
633697
630527
548478
563191
381666
471876
980514
706194
904293
246195
59196
585524
765084
910312
122586
565042
869727
293091
290847
411903
903814
96561
754026
679206
526983
575540
679191
